4.960794677734375000e+02
3.149263916015625000e+02
3.143080749511718750e+02
2.432814941406250000e+02
5.381290283203125000e+02
1.967185821533203125e+02
7.227127075195312500e+02
3.385978393554687500e+02
3.355210876464843750e+02
2.135176391601562500e+02
1.873563079833984375e+02
1.672463378906250000e+02
1.271434249877929688e+02
1.143698425292968750e+02
1.111569900512695312e+02
9.296693420410156250e+01
2.270954589843750000e+02
1.687689056396484375e+02
1.123296737670898438e+02
9.601274871826171875e+01
1.918292388916015625e+02
1.923955993652343750e+02
1.391893768310546875e+02
1.185756378173828125e+02
9.028720092773437500e+01
7.983309173583984375e+01
7.462202453613281250e+01
4.549771499633789062e+01
3.602031555175781250e+02
2.716911621093750000e+02
2.445595855712890625e+02
2.497111511230468750e+02
2.435090637207031250e+02
2.408717956542968750e+02
2.385949249267578125e+02
2.379879455566406250e+02
2.370139923095703125e+02
2.381352081298828125e+02
2.319614562988281250e+02
2.371732635498046875e+02
2.381639556884765625e+02
2.364628906250000000e+02
2.331224060058593750e+02
2.319852447509765625e+02
2.320978088378906250e+02
2.288896484375000000e+02
2.283734893798828125e+02
2.284142303466796875e+02
2.280692291259765625e+02
2.277647399902343750e+02
2.262385711669921875e+02
2.296578063964843750e+02
2.194437713623046875e+02
2.204027404785156250e+02
2.203297882080078125e+02
2.315570678710937500e+02
2.170408020019531250e+02
2.132111511230468750e+02
2.162428283691406250e+02
2.173452606201171875e+02
2.121340332031250000e+02
2.080528717041015625e+02
2.070801391601562500e+02
1.944817352294921875e+02
2.231739959716796875e+02
2.254062042236328125e+02
2.250300292968750000e+02
2.228272094726562500e+02
2.196134490966796875e+02
2.159132080078125000e+02
2.117244415283203125e+02
2.075682983398437500e+02
2.039504394531250000e+02
2.005420837402343750e+02
1.968862609863281250e+02
1.931423645019531250e+02
1.893175811767578125e+02
1.854963073730468750e+02
1.817731018066406250e+02
1.782369537353515625e+02
1.749537506103515625e+02
1.719627227783203125e+02
1.692798614501953125e+02
1.669014434814453125e+02
1.648071899414062500e+02
1.629649353027343750e+02
1.613359680175781250e+02
1.598801116943359375e+02
1.585595245361328125e+02
1.573412322998046875e+02
1.561979064941406250e+02
1.551078338623046875e+02
1.540541992187500000e+02
1.530242767333984375e+02
1.520084228515625000e+02
1.509994506835937500e+02
1.499919891357421875e+02
1.489819335937500000e+02
1.479662017822265625e+02
1.469423828125000000e+02
1.459087524414062500e+02
1.448638916015625000e+02
1.438068542480468750e+02
1.427369995117187500e+02
1.416539916992187500e+02
1.405578155517578125e+02
1.394487762451171875e+02
1.383274993896484375e+02
1.371949920654296875e+02
1.360525817871093750e+02
1.349020385742187500e+02
1.337454528808593750e+02
1.325852661132812500e+02
1.314239959716796875e+02
1.302642364501953125e+02
1.291083831787109375e+02
1.279588775634765625e+02
1.268181228637695312e+02
1.256886901855468750e+02
1.245732040405273438e+02
1.234743194580078125e+02
1.223943634033203125e+02
1.213353881835937500e+02
1.202988128662109375e+02
1.192855072021484375e+02
1.182955093383789062e+02
1.173281478881835938e+02
1.163821563720703125e+02
1.154557495117187500e+02
1.145466842651367188e+02
1.136526031494140625e+02
1.127709503173828125e+02
1.118992156982421875e+02
1.110349655151367188e+02
1.101758041381835938e+02
1.093193664550781250e+02
1.084632263183593750e+02
1.076047821044921875e+02
1.067411270141601562e+02
1.058689041137695312e+02
1.049840927124023438e+02
1.040820312500000000e+02
1.031575622558593750e+02
1.022051925659179688e+02
1.012167663574218750e+02
1.001741867065429688e+02
9.909082031250000000e+01
9.805638885498046875e+01
1.016693267822265625e+02
1.351550598144531250e+02
2.169721069335937500e+02
2.125180816650390625e+02
2.034217834472656250e+02
1.835713806152343750e+02
1.803634490966796875e+02
1.778688964843750000e+02
1.669649200439453125e+02
2.920248413085937500e+02
2.703703308105468750e+02
2.617180175781250000e+02
2.683373107910156250e+02
2.456602172851562500e+02
2.427141265869140625e+02
2.334527587890625000e+02
2.265727386474609375e+02
2.247209320068359375e+02
2.219515991210937500e+02
2.224995117187500000e+02
2.202838592529296875e+02
2.139233703613281250e+02
2.111977996826171875e+02
1.915868835449218750e+02
1.497111053466796875e+02
1.461909790039062500e+02
1.424937438964843750e+02
1.371894836425781250e+02
1.332469940185546875e+02
1.291441650390625000e+02
1.468742370605468750e+02
1.428965148925781250e+02
1.367707977294921875e+02
1.472632293701171875e+02
1.278797988891601562e+02
1.347919158935546875e+02
1.224428405761718750e+02
1.199811553955078125e+02
1.144449768066406250e+02
1.123007125854492188e+02
1.106636047363281250e+02
1.089130477905273438e+02
1.076296615600585938e+02
1.066009445190429688e+02
1.056003570556640625e+02
1.047354354858398438e+02
1.039132843017578125e+02
1.030774459838867188e+02
1.022235336303710938e+02
1.014215850830078125e+02
1.006324234008789062e+02
9.991957092285156250e+01
9.927975463867187500e+01
9.870123291015625000e+01
9.819321441650390625e+01
9.769818115234375000e+01
9.758345031738281250e+01
9.757794189453125000e+01
9.931431579589843750e+01
9.868223571777343750e+01
9.784037017822265625e+01
9.622990417480468750e+01
9.585534667968750000e+01
9.479186248779296875e+01
9.417044830322265625e+01
9.373080444335937500e+01
9.316806030273437500e+01
9.279421234130859375e+01
9.243070983886718750e+01
9.209511566162109375e+01
9.177156066894531250e+01
9.146656036376953125e+01
9.117518615722656250e+01
9.089485168457031250e+01
9.062578582763671875e+01
9.036787414550781250e+01
9.040949249267578125e+01
1.040339584350585938e+02
1.079037399291992188e+02
4.631566772460937500e+02
3.353762207031250000e+02
2.050069274902343750e+02
1.427784881591796875e+02
1.344825897216796875e+02
1.354088592529296875e+02
1.369254608154296875e+02
1.280440979003906250e+02
1.253717575073242188e+02
1.237398681640625000e+02
1.222283172607421875e+02
1.205351638793945312e+02
1.240223922729492188e+02
1.206609268188476562e+02
1.455403137207031250e+02
1.555523529052734375e+02
1.455296783447265625e+02
1.580201263427734375e+02
1.677834014892578125e+02
1.663867950439453125e+02
1.621922149658203125e+02
1.507337188720703125e+02
1.257234802246093750e+02
3.045997314453125000e+02
2.639129638671875000e+02
2.621254272460937500e+02
2.375424346923828125e+02
2.420186309814453125e+02
1.997261962890625000e+02
2.518880004882812500e+02
2.519111022949218750e+02
2.324372711181640625e+02
2.251080780029296875e+02
2.230503692626953125e+02
2.317978363037109375e+02
2.213159332275390625e+02
2.188418426513671875e+02
2.103978576660156250e+02
2.082760162353515625e+02
2.057051391601562500e+02
2.026904296875000000e+02
1.971934204101562500e+02
1.970863952636718750e+02
2.020709075927734375e+02
2.318596343994140625e+02
2.250230255126953125e+02
2.182168731689453125e+02
2.132283630371093750e+02
2.079357299804687500e+02
2.038696594238281250e+02
2.007087707519531250e+02
1.979521942138671875e+02
1.954711608886718750e+02
1.932758026123046875e+02
1.912797546386718750e+02
1.893704833984375000e+02
1.875203094482421875e+02
1.857169952392578125e+02
1.839536437988281250e+02
1.822239379882812500e+02
1.805215606689453125e+02
1.788423614501953125e+02
1.771863861083984375e+02
1.755551452636718750e+02
1.739458923339843750e+02
1.723516235351562500e+02
1.707640228271484375e+02
1.691736450195312500e+02
1.675700531005859375e+02
1.659424133300781250e+02
1.642821197509765625e+02
1.625868225097656250e+02
1.608653717041015625e+02
1.591379394531250000e+02
1.574309387207031250e+02
1.557683563232421875e+02
1.541658630371093750e+02
1.526290283203125000e+02
1.511555175781250000e+02
1.497379302978515625e+02
1.483651885986328125e+02
1.470222015380859375e+02
1.456883544921875000e+02
1.443417663574218750e+02
1.429801177978515625e+02
1.416261444091796875e+02
1.402915191650390625e+02
1.389691772460937500e+02
1.376398773193359375e+02
1.362745666503906250e+02
1.349325714111328125e+02
1.356071777343750000e+02
1.332381896972656250e+02
1.339520263671875000e+02
1.348992004394531250e+02
1.328459930419921875e+02
1.290941009521484375e+02
1.275933227539062500e+02
1.262053146362304688e+02
1.248552017211914062e+02
1.236686019897460938e+02
1.225932540893554688e+02
1.215411300659179688e+02
1.205232162475585938e+02
1.195086212158203125e+02
1.184204330444335938e+02
1.215222854614257812e+02
1.213400878906250000e+02
1.197110290527343750e+02
1.153713226318359375e+02
1.138654785156250000e+02
1.123934783935546875e+02
1.113562545776367188e+02
1.103646392822265625e+02
1.095198364257812500e+02
1.086800308227539062e+02
1.078008956909179688e+02
1.069806671142578125e+02
1.062824783325195312e+02
1.056437454223632812e+02
1.050482711791992188e+02
1.044785385131835938e+02
1.039311294555664062e+02
1.034034881591796875e+02
1.028938140869140625e+02
1.024005126953125000e+02
1.019222564697265625e+02
1.014579467773437500e+02
1.010066528320312500e+02
1.005675354003906250e+02
1.001401901245117188e+02
9.972506713867187500e+01
9.931849670410156250e+01
9.900595092773437500e+01
9.831431579589843750e+01
9.884117126464843750e+01
9.839701843261718750e+01
1.033530349731445312e+02
1.112008743286132812e+02
9.876040649414062500e+01
9.608408355712890625e+01
1.048561706542968750e+02
1.001817626953125000e+02
9.635797882080078125e+01
9.471124267578125000e+01
9.455535888671875000e+01
9.403520202636718750e+01
9.389088439941406250e+01
9.348397827148437500e+01
9.534220123291015625e+01
9.461009979248046875e+01
9.312345886230468750e+01
9.745026397705078125e+01
9.611741638183593750e+01
9.293965148925781250e+01
9.462423706054687500e+01
9.161167144775390625e+01
9.097846984863281250e+01
9.062247467041015625e+01
9.110984802246093750e+01
9.125814819335937500e+01
9.137690734863281250e+01
9.038024139404296875e+01
9.845205688476562500e+01
9.143157958984375000e+01
9.252005767822265625e+01
9.315501403808593750e+01
9.584918975830078125e+01
9.003736114501953125e+01
9.032944488525390625e+01
8.956206512451171875e+01
8.881987762451171875e+01
8.937598419189453125e+01
9.151994323730468750e+01
1.000999679565429688e+02
9.570411682128906250e+01
8.892979431152343750e+01
8.918788146972656250e+01
8.828369140625000000e+01
8.707079315185546875e+01
8.772241973876953125e+01
8.852403259277343750e+01
9.022817230224609375e+01
8.705046844482421875e+01
8.922372436523437500e+01
8.934776306152343750e+01
8.789305877685546875e+01
8.652908325195312500e+01
8.531489562988281250e+01
8.536679840087890625e+01
8.503161621093750000e+01
8.526090240478515625e+01
8.414447784423828125e+01
8.399921417236328125e+01
8.374334716796875000e+01
8.294699096679687500e+01
8.261286926269531250e+01
8.235560607910156250e+01
8.196913146972656250e+01
8.175233459472656250e+01
8.185499572753906250e+01
8.121933746337890625e+01
8.089612579345703125e+01
8.063854980468750000e+01
8.231583404541015625e+01
8.389439392089843750e+01
8.072142791748046875e+01
7.991137695312500000e+01
7.977237701416015625e+01
7.950447082519531250e+01
8.050396728515625000e+01
7.895089721679687500e+01
7.998181152343750000e+01
9.993056488037109375e+01
8.349479675292968750e+01
9.690467834472656250e+01
8.018119812011718750e+01
8.230893707275390625e+01
7.939405059814453125e+01
9.056143188476562500e+01
8.211735534667968750e+01
7.866053009033203125e+01
7.733839416503906250e+01
7.696186828613281250e+01
7.635714721679687500e+01
7.601531982421875000e+01
7.571577453613281250e+01
7.544779968261718750e+01
7.517176818847656250e+01
7.554028320312500000e+01
7.535984802246093750e+01
1.188476486206054688e+02
1.186339721679687500e+02
1.663926544189453125e+02
2.812162780761718750e+02
2.335798492431640625e+02
3.379241027832031250e+02
2.811150512695312500e+02
2.649297485351562500e+02
2.238153686523437500e+02
2.154650421142578125e+02
1.923223724365234375e+02
2.168668212890625000e+02
3.492540283203125000e+02
3.207814941406250000e+02
3.053890380859375000e+02
2.819652709960937500e+02
2.640513916015625000e+02
2.580448608398437500e+02
2.410045166015625000e+02
2.579614257812500000e+02
3.288474426269531250e+02
3.193748168945312500e+02
3.075099792480468750e+02
3.007487182617187500e+02
2.955732421875000000e+02
2.909770507812500000e+02
2.874761962890625000e+02
2.839498596191406250e+02
2.800303039550781250e+02
2.752345581054687500e+02
2.691129150390625000e+02
2.635464172363281250e+02
2.571028137207031250e+02
2.497483215332031250e+02
2.408051147460937500e+02
2.358728485107421875e+02
2.338328857421875000e+02
2.288847198486328125e+02
2.198781738281250000e+02
2.095337829589843750e+02
1.989799499511718750e+02
2.642793579101562500e+02
2.842662963867187500e+02
2.911300048828125000e+02
2.902432861328125000e+02
2.888205566406250000e+02
2.878923339843750000e+02
2.867898254394531250e+02
2.857404785156250000e+02
2.847909240722656250e+02
2.838959655761718750e+02
2.830443420410156250e+02
2.822171630859375000e+02
2.813930358886718750e+02
2.805559692382812500e+02
2.796943969726562500e+02
2.788002929687500000e+02
2.778680114746093750e+02
2.768933105468750000e+02
2.758721008300781250e+02
2.748005371093750000e+02
2.736740417480468750e+02
2.724875488281250000e+02
2.712347412109375000e+02
2.699078063964843750e+02
2.684966430664062500e+02
2.669882812500000000e+02
2.653652648925781250e+02
2.636051330566406250e+02
2.616787109375000000e+02
2.595502319335937500e+02
2.571782226562500000e+02
2.545210113525390625e+02
2.515489959716796875e+02
2.482659912109375000e+02
2.447395019531250000e+02
2.411227111816406250e+02
2.376438903808593750e+02
2.345389709472656250e+02
2.319578399658203125e+02
2.299115600585937500e+02
2.283006896972656250e+02
2.269868621826171875e+02
2.258504638671875000e+02
2.248110809326171875e+02
2.238235778808593750e+02
2.228655548095703125e+02
2.219271545410156250e+02
2.210041046142578125e+02
2.200946502685546875e+02
2.191978759765625000e+02
2.183134155273437500e+02
2.174406890869140625e+02
2.165793151855468750e+02
2.157289123535156250e+02
2.148889160156250000e+02
2.140588226318359375e+02
2.132380218505859375e+02
2.124258880615234375e+02
2.116217346191406250e+02
2.108247985839843750e+02
2.100341949462890625e+02
2.092490386962890625e+02
2.084684906005859375e+02
2.076914367675781250e+02
2.069168395996093750e+02
2.061438598632812500e+02
2.053713989257812500e+02
2.045986022949218750e+02
2.038247528076171875e+02
2.030492095947265625e+02
2.022717437744140625e+02
2.014922637939453125e+02
2.007111511230468750e+02
1.999291687011718750e+02
1.991473999023437500e+02
1.983670806884765625e+02
1.975899047851562500e+02
1.968175201416015625e+02
1.960516662597656250e+02
1.952940521240234375e+02
1.945459594726562500e+02
1.938088684082031250e+02
1.930837097167968750e+02
1.923714599609375000e+02
1.916727142333984375e+02
1.909880065917968750e+02
1.903175811767578125e+02
1.896616516113281250e+02
1.890202636718750000e+02
1.883932037353515625e+02
1.877804260253906250e+02
1.871814575195312500e+02
1.865962066650390625e+02
1.860240783691406250e+02
1.854649810791015625e+02
1.849183654785156250e+02
1.843840484619140625e+02
1.838615722656250000e+02
1.833506927490234375e+02
1.828509216308593750e+02
1.823619384765625000e+02
1.818830413818359375e+02
1.814135742187500000e+02
1.809527282714843750e+02
1.804994812011718750e+02
1.800526733398437500e+02
1.796109924316406250e+02
1.791728668212890625e+02
1.787366638183593750e+02
1.783004760742187500e+02
1.778623352050781250e+02
1.774199981689453125e+02
1.769710235595703125e+02
1.765127868652343750e+02
1.760423583984375000e+02
1.755563354492187500e+02
1.750511169433593750e+02
1.745225677490234375e+02
1.739660491943359375e+02
1.733768463134765625e+02
1.727500610351562500e+02
1.720812683105468750e+02
1.713673248291015625e+02
1.706073608398437500e+02
1.698036193847656250e+02
1.689618682861328125e+02
1.680907592773437500e+02
1.672003936767578125e+02
1.662993621826171875e+02
1.653931884765625000e+02
1.644829406738281250e+02
1.635653686523437500e+02
1.626340179443359375e+02
1.616804046630859375e+02
1.606951293945312500e+02
1.596685180664062500e+02
1.585908813476562500e+02
1.574524993896484375e+02
1.562428588867187500e+02
1.549501800537109375e+02
1.535600280761718750e+02
1.520530548095703125e+02
1.504009857177734375e+02
1.485559844970703125e+02
1.464262237548828125e+02
1.438369140625000000e+02
1.406328582763671875e+02
1.371550598144531250e+02
1.338172302246093750e+02
1.305581359863281250e+02
1.270561065673828125e+02
1.227828369140625000e+02
1.185052490234375000e+02
1.143571166992187500e+02
1.105367050170898438e+02
1.068201522827148438e+02
1.030757293701171875e+02
9.928417205810546875e+01
9.547113800048828125e+01
9.169107818603515625e+01
8.804045104980468750e+01
8.466623687744140625e+01
8.173506927490234375e+01
7.933926391601562500e+01
7.742887878417968750e+01
7.587687683105468750e+01
7.457846832275390625e+01
7.346774291992187500e+01
7.249928283691406250e+01
7.163847351074218750e+01
7.085725402832031250e+01
7.013313293457031250e+01
6.944976806640625000e+01
6.879591369628906250e+01
6.816309356689453125e+01
6.754299926757812500e+01
6.692363739013671875e+01
6.628746795654296875e+01
6.561140441894531250e+01
6.486918640136718750e+01
6.403370666503906250e+01
7.007443237304687500e+01
7.284899902343750000e+01
6.449527740478515625e+01
6.023293304443359375e+01
5.404682922363281250e+01
4.358441162109375000e+01
4.315871810913085938e+01
3.760800933837890625e+01
3.096825981140136719e+01
3.954314422607421875e+01
3.350432586669921875e+01
1.093974609375000000e+02
7.742105102539062500e+01
7.089829254150390625e+01
6.241788864135742188e+01
5.285037231445312500e+01
4.270944976806640625e+01
3.548496627807617188e+01
2.750905609130859375e+01
2.101286888122558594e+01
1.788798522949218750e+01
1.575363922119140625e+01
2.303068923950195312e+01
5.070735549926757812e+01
3.689868545532226562e+01
2.802210617065429688e+01
1.770946311950683594e+01
1.922116851806640625e+01
1.536149215698242188e+01
1.305757904052734375e+01
1.404089355468750000e+01
1.211873912811279297e+01
1.895964241027832031e+01
1.406072425842285156e+01
1.137031269073486328e+01
1.172744655609130859e+01
1.056094455718994141e+01
1.302713489532470703e+01
1.037079238891601562e+01
1.360672187805175781e+01
1.065822887420654297e+01
9.139392852783203125e+00
1.374303817749023438e+01
1.127384853363037109e+01
8.451610565185546875e+00
9.952491760253906250e+00
9.627048492431640625e+00
8.211664199829101562e+00
1.598040294647216797e+01
1.047674465179443359e+01
8.223203659057617188e+00
1.493744182586669922e+01
9.793703079223632812e+00
7.496506214141845703e+00
9.071519851684570312e+00
8.962729454040527344e+00
6.736353874206542969e+00
8.930204391479492188e+00
7.877843856811523438e+00
6.508759021759033203e+00
1.175305557250976562e+01
8.432938575744628906e+00
6.990512371063232422e+00
7.867149353027343750e+00
8.697800636291503906e+00
6.525039672851562500e+00
5.624981403350830078e+00
9.857796669006347656e+00
7.405426025390625000e+00
6.012932777404785156e+00
5.734620094299316406e+00
1.996118927001953125e+02
2.046855773925781250e+02
1.914483032226562500e+02
1.732008361816406250e+02
1.607472686767578125e+02
1.527326354980468750e+02
1.464131317138671875e+02
1.397257385253906250e+02
1.331777648925781250e+02
1.282544250488281250e+02
1.240741806030273438e+02
1.198634567260742188e+02
1.156146850585937500e+02
1.111096649169921875e+02
1.063013687133789062e+02
1.010512542724609375e+02
9.510409545898437500e+01
8.797738647460937500e+01
7.847380828857421875e+01
6.192720031738281250e+01
3.246437835693359375e+01
1.789735031127929688e+01
1.119051647186279297e+01
8.568461418151855469e+00
8.654907226562500000e+00
9.018831253051757812e+00
7.140143394470214844e+00
7.621103763580322266e+00
7.744281768798828125e+00
9.123945236206054688e+00
7.198088645935058594e+00
6.599736213684082031e+00
9.369984626770019531e+00
9.354248046875000000e+00
8.333274841308593750e+00
7.226582527160644531e+00
6.737740039825439453e+00
6.177116394042968750e+00
7.176702499389648438e+00
5.376111030578613281e+00
7.304477214813232422e+00
6.976228713989257812e+00
5.897447109222412109e+00
5.548959732055664062e+00
4.574850559234619141e+00
5.005622386932373047e+00
4.536853313446044922e+00
7.662773132324218750e+00
5.344407558441162109e+00
4.119456291198730469e+00
8.152384757995605469e+00
5.404479980468750000e+00
5.387877464294433594e+00
4.103801727294921875e+00
4.617713451385498047e+00
3.683663845062255859e+00
4.869132041931152344e+00
3.816498994827270508e+00
3.559009075164794922e+00
6.540265083312988281e+00
3.495985031127929688e+00
3.795992374420166016e+00
3.797634601593017578e+00
3.680127382278442383e+00
3.097715377807617188e+00
5.287163257598876953e+00
4.483083724975585938e+00
3.679621219635009766e+00
4.485692977905273438e+00
3.564152240753173828e+00
2.921190738677978516e+00
4.071983337402343750e+00
2.875765800476074219e+00
3.446611642837524414e+00
3.804154157638549805e+00
2.782914876937866211e+00
2.938816547393798828e+00
2.686618804931640625e+00
2.932622194290161133e+00
8.269130706787109375e+00
3.018933534622192383e+00
2.643684148788452148e+00
4.728960514068603516e+00
2.564665794372558594e+00
2.549594879150390625e+00
2.685250282287597656e+00
5.418384075164794922e+00
3.489453792572021484e+00
3.061493158340454102e+00
8.882831573486328125e+00
2.748229026794433594e+00
2.841115713119506836e+00
2.980760812759399414e+00
2.504058837890625000e+00
2.285115242004394531e+00
2.466128110885620117e+00
2.293909788131713867e+00
2.440614223480224609e+00
3.350198745727539062e+00
2.587545394897460938e+00
2.547240972518920898e+00
2.267091512680053711e+00
3.162176132202148438e+00
2.286941289901733398e+00
2.166637659072875977e+00
9.071316719055175781e+00
3.432493448257446289e+00
2.955773830413818359e+00
2.869318008422851562e+00
3.002298831939697266e+00
3.139631748199462891e+00
2.245962619781494141e+00
3.501792430877685547e+00
2.361197710037231445e+00
2.175968408584594727e+00
2.050472736358642578e+00
2.156332492828369141e+00
2.742110013961791992e+00
2.901602029800415039e+00
2.875706195831298828e+00
2.832115173339843750e+00
2.404186964035034180e+00
6.423790931701660156e+00
2.181364059448242188e+00
2.172250747680664062e+00
2.974966526031494141e+00
8.411793708801269531e+00
3.873775482177734375e+00
2.460587978363037109e+00
2.814277172088623047e+00
2.426908016204833984e+00
1.961117267608642578e+00
4.877619266510009766e+00
2.687320709228515625e+00
2.614808082580566406e+00
3.116109848022460938e+00
2.278608083724975586e+00
2.304232358932495117e+00
2.674379348754882812e+00
6.451708316802978516e+00
3.436281919479370117e+00
3.870848178863525391e+00
2.031797647476196289e+00
2.030074357986450195e+00
2.024786949157714844e+00
1.865917921066284180e+00
4.610367774963378906e+00
4.256694316864013672e+00
2.485274076461791992e+00
2.451411247253417969e+00
1.900015354156494141e+00
3.727245330810546875e+00
2.380562067031860352e+00
2.120621442794799805e+00
1.855378389358520508e+00
4.355331897735595703e+00
2.263174533843994141e+00
2.258778572082519531e+00
3.149441719055175781e+00
3.426206350326538086e+00
2.545849084854125977e+00
1.861387252807617188e+00
2.061874628067016602e+00
1.965265274047851562e+00
2.691488265991210938e+00
8.515957832336425781e+00
9.451616287231445312e+00
7.319309711456298828e+00
4.825161933898925781e+00
2.779991388320922852e+00
2.261198282241821289e+00
2.017490148544311523e+00
1.902970910072326660e+00
1.705376744270324707e+00
4.006315231323242188e+00
2.495413541793823242e+00
1.911201715469360352e+00
3.433119535446166992e+00
2.736420154571533203e+00
5.386949062347412109e+00
2.457675695419311523e+00
2.271844387054443359e+00
3.812657594680786133e+00
5.198236942291259766e+00
3.168912649154663086e+00
1.853633284568786621e+00
1.781470537185668945e+00
1.700686931610107422e+00
1.836577177047729492e+00
1.703569054603576660e+00
2.862225532531738281e+00
2.105640649795532227e+00
1.693280577659606934e+00
1.867802023887634277e+00
2.622984409332275391e+00
3.373767375946044922e+00
1.706082701683044434e+00
1.798943281173706055e+00
3.118832588195800781e+00
1.864954352378845215e+00
2.136310577392578125e+00
2.180754184722900391e+00
1.038571548461914062e+01
9.821922302246093750e+00
8.192091941833496094e+00
8.666562080383300781e+00
2.755173921585083008e+00
2.615477085113525391e+00
1.990862369537353516e+00
2.182133674621582031e+00
1.797163486480712891e+00
1.731941223144531250e+00
1.754590630531311035e+00
2.005968809127807617e+00
1.740780115127563477e+00
2.369893789291381836e+00
1.885079383850097656e+00
1.950184464454650879e+00
2.429101467132568359e+00
1.683878660202026367e+00
2.252842664718627930e+00
2.135800600051879883e+00
1.862970113754272461e+00
2.136733055114746094e+00
3.291981697082519531e+00
2.570725679397583008e+00
2.714663028717041016e+00
2.177997589111328125e+00
1.711571455001831055e+00
1.648569345474243164e+00
6.141054153442382812e+00
2.535057067871093750e+00
2.652995824813842773e+00
2.198223829269409180e+00
2.043619632720947266e+00
2.855640172958374023e+00
1.760755658149719238e+00
1.051776123046875000e+01
4.329409599304199219e+00
1.877240657806396484e+00
1.834185361862182617e+00
1.640916466712951660e+00
1.733881115913391113e+00
1.589964747428894043e+00
2.162868499755859375e+00
1.969713401794433594e+01
4.512779235839843750e+01
7.472930908203125000e+01
1.568232116699218750e+02
